-0.010994	-0.030279	-0.045943	-0.052600	-0.055205	-0.058332	-0.057935	-0.041749	-0.040795	-0.050824	-0.053877	-0.055505	-0.051678	-0.031586	-0.044578	-0.044244	-0.028323	-0.023335	-0.037068	-0.003885
-0.011574	-0.031025	-0.046492	-0.053739	-0.055479	-0.058711	-0.058178	-0.041645	-0.041169	-0.051312	-0.054800	-0.056804	-0.051896	-0.031965	-0.045137	-0.044631	-0.028592	-0.023920	-0.037281	-0.004327
-0.012394	-0.030859	-0.046699	-0.053151	-0.055994	-0.059046	-0.058139	-0.042390	-0.041387	-0.051317	-0.055318	-0.056643	-0.051782	-0.032289	-0.044823	-0.044985	-0.028990	-0.024250	-0.037602	-0.003690
-0.012991	-0.030686	-0.046248	-0.052149	-0.055974	-0.058861	-0.058069	-0.042770	-0.041428	-0.051720	-0.056296	-0.056777	-0.051988	-0.031866	-0.044686	-0.044891	-0.029062	-0.024844	-0.037499	-0.003298
-0.013425	-0.030556	-0.045632	-0.051751	-0.055521	-0.058588	-0.058223	-0.043023	-0.041163	-0.051941	-0.057058	-0.057132	-0.052244	-0.031453	-0.045185	-0.045097	-0.028926	-0.024822	-0.037171	-0.003312
-0.013782	-0.029976	-0.045246	-0.050759	-0.055325	-0.058641	-0.058253	-0.043930	-0.041103	-0.051589	-0.056935	-0.056448	-0.052237	-0.031887	-0.045501	-0.045616	-0.029632	-0.024659	-0.037085	-0.002790
-0.013515	-0.029939	-0.045256	-0.050393	-0.055230	-0.058666	-0.058172	-0.044178	-0.041184	-0.051418	-0.056511	-0.055665	-0.052469	-0.031956	-0.045496	-0.045633	-0.029614	-0.024537	-0.036784	-0.002498
-0.012736	-0.030092	-0.045242	-0.051277	-0.055063	-0.058430	-0.058166	-0.043362	-0.040965	-0.051407	-0.056268	-0.056377	-0.052513	-0.031815	-0.045557	-0.045261	-0.028857	-0.024232	-0.036397	-0.002973
-0.012709	-0.029465	-0.045187	-0.051620	-0.054959	-0.058458	-0.058107	-0.042553	-0.041046	-0.051039	-0.056101	-0.056693	-0.052688	-0.032193	-0.045312	-0.044976	-0.028953	-0.023740	-0.036563	-0.003382
-0.012539	-0.029439	-0.045594	-0.051924	-0.054993	-0.058720	-0.058072	-0.042478	-0.041088	-0.050834	-0.055910	-0.056455	-0.052901	-0.032517	-0.045317	-0.045287	-0.029005	-0.023603	-0.037070	-0.003380
-0.011612	-0.030319	-0.045976	-0.052817	-0.055071	-0.058401	-0.057934	-0.041796	-0.041000	-0.051195	-0.054986	-0.056419	-0.053033	-0.032061	-0.044896	-0.044986	-0.028914	-0.024040	-0.037199	-0.003750
-0.010718	-0.031479	-0.046850	-0.053512	-0.055155	-0.058249	-0.057727	-0.041423	-0.040867	-0.051535	-0.054030	-0.056082	-0.052545	-0.031639	-0.044655	-0.044668	-0.028945	-0.024042	-0.037358	-0.004203
-0.010141	-0.032543	-0.048100	-0.053557	-0.055339	-0.058424	-0.057702	-0.041882	-0.040720	-0.051599	-0.053213	-0.054812	-0.051750	-0.031739	-0.044820	-0.044921	-0.028965	-0.024009	-0.037659	-0.003847
-0.009768	-0.034207	-0.048859	-0.053523	-0.055713	-0.058413	-0.057759	-0.042180	-0.040826	-0.051932	-0.051717	-0.053068	-0.051376	-0.031642	-0.044850	-0.044935	-0.028922	-0.024470	-0.037583	-0.003440
-0.009114	-0.035675	-0.049344	-0.053933	-0.055910	-0.058406	-0.057725	-0.042773	-0.040853	-0.052179	-0.050669	-0.052765	-0.050563	-0.031612	-0.045464	-0.045294	-0.028883	-0.024643	-0.037238	-0.003493
-0.008976	-0.035153	-0.049203	-0.053058	-0.056025	-0.058500	-0.057639	-0.042848	-0.040912	-0.051786	-0.050369	-0.052360	-0.050103	-0.031879	-0.045429	-0.045556	-0.029162	-0.024263	-0.037001	-0.003083
-0.009036	-0.034379	-0.048712	-0.052091	-0.056031	-0.058787	-0.057555	-0.041974	-0.040960	-0.051641	-0.050519	-0.052147	-0.050434	-0.032077	-0.045327	-0.045398	-0.029281	-0.024106	-0.036769	-0.002742
-0.009121	-0.033752	-0.047789	-0.052492	-0.055631	-0.058468	-0.057399	-0.041796	-0.040910	-0.051642	-0.050890	-0.053161	-0.050675	-0.031944	-0.045434	-0.044907	-0.028781	-0.023980	-0.036500	-0.003161
-0.009581	-0.032739	-0.047466	-0.052857	-0.055501	-0.058481	-0.057395	-0.042333	-0.040693	-0.051288	-0.051604	-0.053954	-0.050969	-0.032286	-0.045265	-0.044814	-0.028684	-0.023529	-0.036631	-0.003522
-0.009627	-0.032389	-0.047915	-0.053113	-0.055638	-0.058767	-0.057432	-0.042531	-0.040742	-0.051119	-0.052260	-0.054520	-0.051593	-0.032566	-0.045342	-0.044944	-0.028853	-0.023340	-0.036965	-0.003528
-0.009590	-0.032887	-0.048004	-0.053847	-0.055717	-0.058489	-0.057471	-0.042382	-0.041058	-0.051521	-0.052338	-0.055268	-0.052282	-0.032428	-0.045272	-0.044755	-0.028725	-0.023767	-0.037181	-0.003947
-0.009787	-0.033282	-0.048226	-0.054228	-0.055723	-0.058452	-0.057478	-0.042173	-0.041075	-0.051755	-0.052156	-0.055312	-0.052300	-0.032349	-0.045050	-0.044861	-0.028969	-0.024139	-0.037433	-0.004296
-0.009602	-0.033204	-0.048266	-0.053315	-0.055556	-0.058334	-0.057586	-0.042527	-0.040793	-0.051732	-0.051924	-0.054773	-0.051870	-0.032067	-0.044881	-0.045245	-0.029192	-0.024157	-0.037651	-0.003754
-0.009719	-0.033323	-0.047602	-0.052617	-0.055405	-0.058079	-0.057621	-0.042513	-0.040580	-0.052181	-0.052391	-0.054780	-0.051822	-0.031626	-0.044944	-0.045508	-0.029160	-0.024661	-0.037529	-0.003327
-0.010349	-0.033484	-0.047160	-0.052573	-0.055190	-0.057849	-0.057537	-0.042541	-0.040613	-0.052487	-0.052539	-0.054652	-0.051516	-0.031469	-0.045011	-0.045393	-0.029202	-0.024931	-0.037107	-0.003262
-0.010626	-0.033026	-0.046981	-0.051436	-0.055060	-0.057900	-0.057415	-0.042775	-0.040659	-0.052261	-0.052445	-0.054006	-0.050980	-0.031734	-0.044772	-0.045365	-0.029299	-0.024254	-0.037035	-0.002795
-0.010901	-0.031676	-0.045987	-0.050289	-0.054786	-0.057701	-0.057194	-0.042590	-0.040409	-0.052010	-0.053463	-0.054579	-0.051372	-0.031752	-0.044767	-0.045475	-0.029071	-0.023838	-0.036853	-0.002408
-0.011622	-0.030666	-0.045395	-0.050990	-0.054712	-0.057721	-0.057220	-0.042337	-0.040457	-0.051937	-0.054624	-0.056034	-0.052375	-0.031823	-0.045191	-0.045200	-0.028939	-0.023907	-0.036460	-0.003013
-0.011434	-0.030715	-0.046225	-0.052177	-0.054944	-0.058309	-0.057179	-0.042470	-0.040641	-0.051589	-0.054245	-0.055851	-0.052759	-0.032203	-0.045082	-0.044993	-0.029060	-0.023471	-0.036602	-0.003657
-0.009942	-0.031815	-0.047547	-0.053014	-0.055161	-0.058386	-0.056968	-0.042470	-0.040571	-0.051353	-0.052792	-0.054579	-0.052387	-0.032319	-0.044556	-0.045117	-0.028770	-0.023000	-0.036811	-0.003568
-0.009004	-0.033755	-0.048710	-0.054310	-0.055476	-0.058207	-0.057055	-0.041606	-0.040750	-0.051629	-0.051824	-0.054579	-0.052079	-0.032146	-0.044842	-0.045016	-0.028636	-0.023423	-0.036933	-0.004023
-0.009174	-0.034914	-0.049674	-0.055220	-0.055732	-0.058466	-0.057307	-0.041281	-0.040884	-0.052022	-0.051380	-0.054963	-0.052067	-0.032292	-0.045210	-0.045029	-0.028930	-0.023903	-0.037297	-0.004428
-0.009183	-0.034972	-0.049666	-0.054234	-0.055932	-0.058503	-0.057159	-0.041817	-0.040902	-0.052244	-0.051290	-0.054347	-0.051728	-0.032368	-0.044693	-0.045488	-0.029274	-0.024101	-0.037584	-0.003735
-0.008988	-0.035309	-0.049201	-0.053372	-0.055803	-0.058275	-0.057136	-0.042355	-0.040959	-0.052610	-0.051578	-0.054015	-0.051280	-0.032118	-0.044493	-0.045464	-0.029368	-0.024785	-0.037513	-0.003411
-0.009256	-0.034800	-0.048493	-0.053220	-0.055604	-0.057850	-0.057151	-0.042701	-0.040698	-0.052739	-0.051672	-0.054181	-0.050884	-0.031506	-0.044736	-0.045130	-0.029234	-0.024825	-0.037106	-0.003302
-0.009834	-0.033758	-0.047798	-0.052025	-0.055592	-0.057701	-0.056980	-0.042768	-0.040453	-0.052257	-0.051762	-0.053427	-0.050832	-0.031602	-0.044844	-0.045102	-0.029411	-0.024163	-0.036899	-0.002661
-0.009936	-0.033334	-0.047631	-0.051695	-0.055344	-0.057997	-0.057145	-0.042745	-0.040342	-0.051990	-0.052124	-0.053407	-0.051003	-0.032035	-0.045162	-0.045450	-0.029067	-0.023794	-0.036756	-0.002560
-0.010012	-0.033139	-0.047793	-0.052890	-0.055498	-0.058382	-0.057236	-0.042456	-0.040698	-0.052088	-0.052251	-0.054159	-0.051419	-0.032017	-0.045540	-0.045273	-0.029087	-0.023791	-0.036549	-0.003106
-0.009660	-0.033818	-0.048946	-0.054151	-0.055845	-0.058980	-0.057152	-0.042260	-0.041116	-0.051738	-0.051532	-0.054182	-0.051746	-0.032471	-0.045513	-0.045174	-0.029361	-0.023607	-0.036686	-0.003501
-0.008876	-0.034937	-0.050152	-0.054690	-0.056257	-0.059136	-0.057342	-0.042195	-0.041217	-0.051443	-0.050801	-0.053909	-0.051924	-0.032796	-0.045308	-0.045305	-0.029175	-0.023428	-0.036972	-0.003566
-0.008264	-0.035866	-0.050428	-0.055101	-0.056528	-0.058843	-0.057429	-0.041723	-0.041255	-0.051928	-0.050681	-0.053950	-0.052094	-0.032602	-0.045141	-0.044738	-0.028956	-0.023829	-0.037176	-0.003930
-0.007907	-0.035814	-0.050107	-0.055199	-0.056078	-0.058405	-0.057270	-0.041580	-0.040824	-0.052082	-0.050399	-0.054229	-0.051556	-0.032094	-0.044718	-0.044257	-0.028691	-0.023940	-0.037297	-0.004173
-0.008168	-0.035252	-0.049858	-0.054341	-0.055777	-0.058125	-0.057162	-0.042338	-0.040414	-0.052097	-0.050590	-0.053915	-0.051051	-0.031953	-0.044315	-0.044543	-0.028754	-0.023930	-0.037627	-0.003638
-0.008537	-0.035551	-0.049637	-0.053954	-0.055750	-0.057867	-0.057111	-0.042824	-0.040609	-0.052572	-0.050891	-0.053750	-0.051019	-0.031791	-0.044350	-0.045077	-0.029009	-0.024471	-0.037590	-0.003269
-0.008712	-0.035960	-0.049518	-0.054140	-0.055731	-0.057868	-0.057169	-0.042818	-0.040708	-0.052922	-0.051080	-0.054008	-0.050877	-0.031636	-0.044723	-0.045354	-0.029190	-0.024765	-0.037147	-0.003209
-0.009281	-0.035507	-0.049635	-0.053558	-0.056033	-0.058593	-0.057282	-0.043527	-0.040930	-0.052572	-0.051758	-0.053959	-0.050874	-0.032283	-0.045177	-0.045953	-0.029428	-0.024551	-0.037083	-0.002842
-0.009902	-0.035026	-0.049442	-0.053145	-0.056311	-0.059075	-0.057433	-0.044241	-0.041358	-0.052129	-0.052304	-0.054119	-0.051496	-0.032900	-0.045654	-0.046082	-0.029605	-0.024456	-0.036847	-0.002738
-0.010024	-0.034383	-0.048658	-0.053479	-0.056169	-0.059057	-0.057424	-0.043803	-0.041375	-0.052253	-0.052710	-0.054791	-0.052026	-0.032767	-0.045599	-0.045339	-0.029365	-0.024427	-0.036598	-0.003197
-0.009973	-0.033364	-0.048349	-0.053485	-0.055886	-0.059172	-0.057094	-0.043802	-0.041132	-0.051723	-0.052697	-0.054844	-0.052055	-0.032680	-0.045030	-0.045136	-0.029193	-0.023925	-0.036661	-0.003509
-0.009662	-0.032596	-0.048194	-0.053342	-0.055776	-0.058960	-0.056921	-0.044165	-0.041036	-0.051300	-0.052547	-0.054748	-0.052096	-0.032526	-0.044517	-0.045213	-0.028985	-0.023394	-0.036850	-0.003481
